Own implementation
array([[ 374.06168328,   85.21303143,   40.72528529],
       [ 298.41093425,  113.12482895,   88.4642368 ],
       [ 328.15218562,   87.77568747,   84.07212691],
       [ 253.78616694,   78.42460923,  167.78922383],
       [ 278.75517901,   90.38877046,  130.85605053],
       [ 363.22472723,   90.63172923,   46.14354354],
       [ 282.13571515,   97.45823054,  120.40605431],
       [ 321.77386774,  104.45129534,   73.77483692],
       [ 329.65777267,  101.61231771,   68.72990962],
       [ 332.31338238,  101.02255123,   66.66406638],
       [ 339.78054067,  116.44702774,   43.77243159],
       [ 323.13928114,   85.51112561,   91.34959325],
       [ 331.33486836,   94.39781877,   74.26731287],
       [ 252.83797148,   86.54223905,  160.61978947],
       [ 319.66731897,   93.83167505,   86.50100598],
       [ 282.31559573,  115.82499305,  101.85941122],
       [ 293.12652163,  101.30435989,  105.56911848],
       [ 329.64837767,   96.50561982,   73.84600251],
       [ 279.86084603,   92.24898299,  127.89017098],
       [ 291.99988377,  123.60896322,   84.39115301],
       [   1.76791615,    4.78002191,    3.45206194],
       [   1.47841056,    4.02629289,    4.49529655],
       [   1.9978627 ,    4.69133475,    3.31080255],
       [   1.05101279,    3.33802078,    5.61096643],
       [   1.64016142,    4.65251947,    3.70731911],
       [   1.59010724,    4.71209526,    3.6977975 ],
       [   1.02262739,    3.36648587,    5.61088674],
       [   1.12857369,    4.0429128 ,    4.82851351],
       [   1.80240407,    4.5350867 ,    3.66250923],
       [   1.71155118,    4.87098108,    3.41746775],
       [   1.4940016 ,    4.82689498,    3.67910342],
       [   1.33151573,    4.25029931,    4.41818496],
       [   1.6070167 ,    5.39981951,    2.99316379],
       [   1.48371684,    4.69515676,    3.8211264 ],
       [   1.67719255,    4.54460599,    3.77820147],
       [   0.85639827,    3.02703213,    6.1165696 ],
       [   0.9470049 ,    3.08444361,    5.96855148],
       [   1.18163845,    3.44794468,    5.37041688],
       [   1.12409738,    3.61490272,    5.2609999 ],
       [   1.70950272,    4.71283763,    3.57765965]])

       avg err: 17.489, MSE: 1007.418

Modified Given (old NICTA code)
array([[ 308.46454311,   68.14365925,  123.39179764],
       [ 285.66432714,   80.93575053,  133.39992233],
       [ 290.35897197,   79.25649724,  130.38453079],
       [ 298.61285014,   73.76317578,  127.62397408],
       [ 306.4233027 ,   70.24761391,  123.32908338],
       [ 316.84849191,   67.04660974,  116.10489835],
       [ 277.21841484,   85.7217821 ,  137.05980306],
       [ 299.4710338 ,   74.75314854,  125.77581766],
       [ 277.91071809,   84.37987017,  137.70941173],
       [ 297.14266138,   76.09447925,  126.76285937],
       [ 296.01332028,   77.58534932,  126.4013304 ],
       [ 257.14909812,  100.54988139,  142.30102049],
       [ 284.35612751,   84.00066607,  131.64320641],
       [ 290.82917166,   79.14533205,  130.02549628],
       [ 301.46781442,   74.14295842,  124.38922716],
       [ 280.3144761 ,   85.64365105,  134.04187286],
       [ 317.74125845,   66.61026826,  115.64847329],
       [ 286.57188691,   82.90221106,  130.52590204],
       [ 277.10569665,   87.93807931,  134.95622404],
       [ 286.89173254,   81.46994542,  131.63832204],
       [   1.7484558 ,    4.90703465,    3.34450955],
       [   1.54580284,    5.17070235,    3.28349481],
       [   1.31510866,    5.51794591,    3.16694543],
       [   1.42119619,    5.42467094,    3.15413287],
       [   1.566944  ,    5.07460438,    3.35845162],
       [   1.97387304,    4.68819764,    3.33792932],
       [   1.56053284,    5.12524767,    3.31421949],
       [   1.29787786,    5.49228993,    3.20983221],
       [   1.91122995,    4.77213244,    3.31663762],
       [   1.64897581,    5.09362201,    3.25740217],
       [   1.34550092,    5.35658567,    3.29791341],
       [   1.38922413,    5.44942607,    3.16134981],
       [   1.52376914,    5.22078688,    3.25544399],
       [   1.55279144,    5.25671765,    3.19049091],
       [   1.26510914,    5.58908821,    3.14580265],
       [   1.26551377,    5.59918024,    3.13530599],
       [   1.1537898 ,    5.70589464,    3.14031556],
       [   1.3997378 ,    5.3990472 ,    3.201215  ],
       [   1.35056168,    5.41009711,    3.23934122],
       [   1.40495458,    5.36250578,    3.23253964]])

       avg err: 27.119, MSE: 1714.613

Actual
array([[339, 112,  49],
       [361,  93,  46],
       [352,  96,  52],
       [338, 109,  53],
       [356, 105,  39],
       [357,  95,  48],
       [362,  87,  51],
       [359,  95,  46],
       [358, 104,  38],
       [341, 107,  52],
       [345,  95,  60],
       [358, 101,  41],
       [362,  96,  42],
       [336, 118,  46],
       [360,  92,  48],
       [351, 101,  48],
       [337, 105,  58],
       [331, 113,  56],
       [345,  97,  58],
       [353,  97,  50],
       [  1,   8,   1],
       [  2,   7,   1],
       [  2,   8,   0],
       [  2,   5,   3],
       [  1,   9,   0],
       [  2,   8,   0],
       [  1,   9,   0],
       [  4,   6,   0],
       [  1,   8,   1],
       [  3,   6,   1],
       [  3,   6,   1],
       [  0,  10,   0],
       [  1,   9,   0],
       [  1,   7,   2],
       [  2,   7,   1],
       [  2,   7,   1],
       [  3,   7,   0],
       [  1,   9,   0],
       [  1,   8,   1],
       [  2,   8,   0]])